MERRA_ID,STATE_CODE,SHRP_ID
118838,72,4121
128580,48,0122
128580,48,0114
128608,12,0104
128608,12,0105
128608,12,0106
129184,12,0504
129184,12,0507
131460,48,J310
131460,48,J330
131460,48,J340
131460,48,1122
131487,12,C330
131487,12,4109
132610,48,1123
133192,48,I330
133192,48,1109
133196,22,0116
133214,12,9054
133784,1,0505
134319,4,D330
134319,4,1016
134900,35,0902
134903,48,L330
135478,35,0106
135495,48,1069
135495,48,B350
135496,48,1087
135511,1,A310
135511,1,A320
136040,6,8535
136081,28,0504
136081,28,0506
136081,28,0508
136087,1,4129
136097,45,1011
136621,4,B902
136639,48,1183
136639,48,E320
137214,48,2176
137241,13,0508
137241,13,0509
137243,13,4111
137795,40,0503
137795,40,0121
137809,28,0805
137809,28,0903
137810,28,3083
138342,6,0507
138343,6,0563
138353,4,AA59
138361,35,AA01
138378,40,6010
138392,1,4073
138922,4,A330
138922,4,A901
138949,40,7024
138949,40,AA02
138960,5,0116
138970,47,3110
138977,37,1352
138978,37,1992
138978,37,A962
139528,40,1017
139537,29,5403
139546,47,C330
139546,47,3108
139546,47,1023
139553,37,0260
140099,40,4164
140101,40,4088
140101,40,0602
140106,5,3071
140130,51,0114
140130,51,0124
140709,51,A321
141249,20,B330
141250,20,0110
141250,20,0112
141250,20,0102
141250,20,0160
141250,20,0903
141820,8,7781
141827,20,1009
141837,29,1010
141837,29,A351
142371,32,1020
142381,49,B351
142381,49,B352
142388,8,A320
142413,29,B351
142418,17,5020
142430,54,7008
142441,24,A320
142441,24,A350
142441,24,A311
142958,49,C320
142969,8,7780
143016,10,4002
143016,10,0202
143548,8,0508
143548,8,0507
143589,24,0503
143589,24,0962
144094,6,A361
144094,6,1253
144133,31,0117
144133,31,0120
144678,32,0105
144678,32,0204
144678,32,0211
144678,32,0259
144705,31,1030
144705,31,A352
144719,19,0108
144719,19,0109
144719,19,0159
144732,39,0902
144732,39,0112
144732,39,0107
145258,32,C320
145258,32,2027
145258,32,B320
145305,18,2008
145318,42,1690
145821,6,0603
145821,6,0606
145821,6,0659
145871,19,3033
146418,56,B310
146469,42,B340
146469,42,B310
146986,16,A350
147017,19,6150
147026,17,B350
147610,26,0116
147611,26,D320
147623,36,1011
147624,36,1008
148142,16,C310
148184,26,A320
148761,26,C351
148770,87,1680
148770,87,AA61
148770,87,AA62
148785,23,1012
148785,23,7023
149299,56,A310
149299,56,A363
149356,50,1682
149356,50,1683
149906,55,0114
149906,55,0120
149906,55,0263
149922,87,B340
149939,23,0507
150432,41,AA03
150475,27,2023
150475,27,D330
151025,30,0560
151025,30,7088
151661,89,A350
151675,88,1646
152176,30,A310
152176,30,1001
152211,26,1004
152738,53,1501
152741,53,1008
152777,27,0505
152777,27,0559
152777,27,B310
153310,53,6048
153349,38,2001
154460,82,6006
155645,90,A350
155648,83,A310
155648,83,A330
156192,82,9017
156779,81,1805
121000,15,7080
122150,15,1006
128580,48,0116
128580,48,0113
128580,48,0164
128580,48,0161
128608,12,0109
128609,12,3995
129157,48,N350
129157,48,3739
129184,12,0505
130307,48,M320
130308,48,6086
131487,12,4138
132034,48,1092
132035,48,1096
132035,48,0901
132614,48,3855
132638,12,B320
132638,12,B321
133192,48,H330
133196,22,0118
133196,22,0122
133196,22,0123
133196,22,0124
133784,1,0507
133784,1,C330
133784,12,AA01
133784,12,AA03
134339,48,Q310
134354,28,1802
134356,1,B330
134895,4,C350
134896,4,6053
134900,35,0509
134900,35,0903
134903,48,L320
135495,48,B310
135495,48,B330
135495,48,A503
135495,48,A506
135513,1,0108
135515,13,1005
136040,6,8534
136614,6,7493
136621,4,0264
136621,4,0268
136621,4,B901
136621,4,1007
136621,4,0214
136621,4,0216
136621,4,0221
136621,4,0222
136639,48,E350
136639,48,E351
136642,48,AA01
136657,28,3082
137241,13,0566
137794,40,A320
137794,40,A350
137795,40,0560
137795,40,0505
137795,40,0122
137809,28,3090
137810,28,3087
138337,6,8156
138342,6,0509
138343,6,0562
138343,6,0561
138347,4,B330
138361,35,AA02
138365,48,1065
138374,40,B330
138400,37,2825
138915,6,8201
138922,4,0902
138922,4,A310
138922,4,A902
138922,4,0119
138922,4,0121
138922,4,0124
138922,4,0160
138935,35,1005
138960,5,0121
138972,37,1803
138978,37,A961
138978,37,A965
139543,47,9024
139543,47,A330
140100,40,4165
140101,40,0605
140101,40,0608
140101,40,C330
140108,29,0504
140130,51,0116
140130,51,0121
140682,29,1008
141792,6,2647
141805,49,A350
141805,49,1004
141820,8,B320
141837,29,AA65
142381,49,B361
142388,8,A340
142409,20,A330
142418,17,A310
142439,24,1632
142958,49,C310
142958,49,C331
143016,10,0103
143016,10,0204
143016,10,0209
143016,10,0211
143016,10,0259
143521,32,AA59
143548,8,0504
143589,24,0508
143589,24,0901
143591,24,2401
144133,31,0904
144133,31,0123
144133,31,0122
144163,42,1618
144169,34,1034
144169,42,5020
144170,34,0504
144170,34,0508
144170,34,0560
144678,32,0103
144678,32,0206
144678,32,0207
144692,8,1029
144700,8,6013
144705,31,A340
144705,31,A350
144706,31,6700
144719,19,0107
144719,19,0112
144732,39,0160
144732,39,0201
144732,39,0211
144732,39,0212
144732,39,0105
145258,32,C310
145258,32,B310
145262,49,3015
145318,42,A350
145318,42,A411
145821,6,2002
145849,56,2015
146469,42,1597
146477,25,1002
146988,16,1009
147026,17,1002
147574,56,2018
147610,26,0113
147610,26,0114
147610,26,0121
147610,26,0123
147631,33,1001
148142,16,C320
148184,26,A321
148203,36,A321
148770,87,AA01
149276,41,7018
149287,16,1005
149299,56,A320
149346,87,A330
149353,36,1644
149353,36,B330
149356,50,1004
149361,23,1026
149900,27,5076
149906,55,0116
149906,55,0119
149906,55,0214
149906,55,0215
149906,55,0221
149906,55,0222
149922,87,B360
149939,23,0501
150429,53,C330
150451,30,7075
150475,27,3005
150475,27,3007
151588,53,A809
151624,27,1028
151624,27,C340
151624,27,C350
151661,89,A320
151661,89,A330
152751,30,0116
152777,27,B340
155079,83,0501
155650,83,AA01
155650,83,AA02
155651,83,AA03
156221,90,6801
157356,81,2812
157945,90,B331
159655,81,0502
168242,2,1002
120424,15,1008
128032,12,4103
128580,48,0117
128580,48,0163
128580,48,0162
128608,12,0103
128608,12,0112
129184,12,0503
129184,12,0509
130334,12,4137
130886,48,1060
131460,48,1093
131487,12,C350
131487,12,4059
132035,48,1094
132035,48,0902
132035,48,K320
132035,48,K340
132638,12,B330
133190,48,1178
133192,48,I310
133192,48,I340
133192,48,I350
133192,48,H350
133196,22,0114
133196,22,0115
133196,22,0119
133214,12,4105
133214,12,A321
133214,12,A350
133784,1,4155
133784,1,0502
133784,1,0564
133787,13,4092
134339,48,Q353
134356,1,B310
134895,4,C330
134900,35,0507
134909,48,5278
134921,48,G330
135478,35,0102
135487,48,D330
135487,48,2172
135495,48,1070
135496,48,F340
135511,1,A330
135513,1,0103
135513,1,0106
135513,1,0109
136078,5,2042
136081,28,0507
136081,28,0560
136614,6,2004
136619,4,BA61
136621,4,0263
136621,4,0267
136621,4,B959
136621,4,7079
136621,4,0213
136621,4,0217
136639,48,E330
137189,6,8150
137222,40,4161
137241,13,0504
137241,13,0561
137241,13,0562
137795,40,0507
137795,40,0502
137795,40,0160
137819,13,3019
138342,6,0505
138342,6,0501
138342,6,0503
138348,4,1065
138367,48,5323
138372,40,4154
138374,40,B350
138922,4,1036
138922,4,0113
138922,4,0116
138922,4,0117
138922,4,0120
138922,4,0123
138949,40,AA61
138960,5,0123
138973,37,1801
138978,37,0902
139537,29,5413
139543,47,9025
139544,47,B330
139544,47,B320
139546,47,C320
139546,47,C350
139553,37,0207
140101,40,0601
140101,40,C350
140106,5,A320
140108,29,0501
140130,51,0123
140680,20,1006
141213,6,2053
141249,20,1010
141249,20,B340
141249,20,B310
141250,20,0108
141250,20,0105
141250,20,0163
141250,20,0162
141250,20,0901
141275,21,A320
141837,29,1005
141837,29,A340
142381,49,B330
142381,49,B350
142381,49,B310
142381,49,B320
142413,29,AA01
142413,29,AA61
142413,29,AA62
142413,29,B320
142430,54,1640
142441,24,A310
142943,6,6044
142958,49,C351
142958,49,C361
142958,49,1006
143016,10,0201
143016,10,0203
143521,32,A330
143521,32,A350
143536,49,1007
143589,24,2805
144133,31,0118
144133,31,0116
144133,31,0113
144151,18,2009
144163,42,C410
144169,34,4042
144170,34,0509
144678,32,0102
144678,32,0201
144678,32,0205
144705,31,A330
144719,19,0101
144719,19,0102
144719,19,0111
144732,39,0903
144732,39,0809
144745,34,6057
145258,32,C350
145258,32,B330
145318,42,1605
145318,42,1623
145318,42,A351
145821,6,0602
145821,6,0661
145821,6,3005
147026,17,B310
147026,17,B330
147571,56,6031
147610,26,0115
147611,26,1010
148142,16,B330
148770,87,BA03
148777,36,B353
148785,23,3013
149299,56,A330
149346,87,A350
149353,36,B340
149353,36,B310
149356,50,1681
149360,23,1028
149900,27,4034
149906,55,0113
149906,55,0115
149906,55,0805
149906,55,0223
149906,55,0259
149906,55,0260
149906,55,0264
149906,55,C903
149922,87,1622
149922,87,B330
149922,87,B362
149939,23,0502
149939,23,0509
150429,53,1801
150432,41,AA60
150474,27,4055
150475,27,1019
150475,27,D320
150476,27,1029
151010,41,7081
151025,30,0508
151025,30,7066
151077,87,0962
151077,87,0902
151588,53,0802
151588,53,A810
151609,30,6004
151624,27,C310
151661,89,9018
151673,84,3803
151675,88,1645
152176,30,A320
152738,53,B310
152741,53,A310
152742,53,AA03
152751,30,0113
152777,27,0504
152777,27,0508
152777,27,0509
152844,85,1801
153988,85,1803
155079,83,0504
155079,83,0507
155079,83,0508
155079,83,6451
155645,90,A351
155648,83,A350
157942,90,6410
157942,90,6412
157945,90,6405
157945,90,B310
159655,81,0505
159655,81,0506
167666,2,1001
118838,72,4122
118838,72,1003
128580,48,0121
129157,48,N320
129184,12,4106
129184,12,0564
130334,12,4136
130911,12,4101
131460,48,J351
131487,12,4154
131487,12,4000
132035,48,0903
132035,48,K330
132638,12,3997
132638,12,B351
132638,12,B352
133191,48,3835
133192,48,H351
133193,48,3689
133196,22,0117
133203,28,3093
133214,12,A330
133765,48,A807
133781,1,6019
133784,1,0563
133784,12,AA02
134319,4,D310
134319,4,D350
134346,48,3679
134354,28,A350
134356,1,1019
134356,1,B350
134895,4,1017
134895,4,1018
134895,4,6054
134900,35,0801
134921,48,1169
134921,48,1119
135478,35,0103
135478,35,0104
135487,48,D350
135495,48,B320
135495,48,B340
135495,48,A508
135496,48,1168
135513,1,0102
135513,1,0105
135513,1,0162
136046,4,0503
136046,4,0504
136046,4,0506
136046,4,0560
136082,28,1016
136621,4,0260
136621,4,0265
136621,4,0220
137206,35,6033
137235,28,1001
137241,13,0503
137241,13,0505
137241,13,0563
137794,40,4087
137795,40,0506
137795,40,0509
137795,40,0114
137809,28,0806
137809,28,0902
137827,37,1645
138342,6,0508
138342,6,0571
138343,6,0559
138346,6,7491
138347,4,1021
138347,4,1022
138348,4,1062
138357,35,6035
138364,48,6079
138374,40,A410
138374,40,A420
138922,4,0903
138922,4,A320
138922,4,A903
138922,4,0115
138922,4,0163
138924,4,1025
138949,40,3018
138960,5,0115
138960,5,0118
138960,5,0119
138978,37,0903
139497,32,1030
139518,48,3875
139518,48,1061
139520,48,1056
139538,47,2001
139543,47,3101
139544,47,B350
139547,47,3104
139553,37,2819
139553,37,0210
139553,37,0212
139553,37,0206
140084,35,1022
140106,5,A310
140108,29,0502
140130,51,0118
140130,51,0120
140135,37,1030
140695,21,B350
140709,51,A350
140709,51,A320
141250,20,0159
141250,20,0161
141250,20,0164
141277,21,1014
141286,51,1464
141805,49,A351
141805,49,A320
141805,49,3010
141837,29,AA66
141846,18,1028
141846,18,A320
141846,18,A340
141850,21,6040
142365,6,2051
142388,8,1053
142388,8,A330
142409,20,1005
142409,20,A350
142413,29,1002
142413,29,AA03
142417,17,6050
142418,17,4082
142418,17,A350
142418,17,A340
142441,24,1634
142441,24,A330
142441,24,A340
143016,10,0106
143016,10,0110
143016,10,0208
143016,10,0210
143521,32,A310
143521,32,A352
143521,32,AA03
143548,8,0502
143589,24,0505
143589,24,0506
143589,24,0509
143589,24,0559
143593,34,1031
144094,6,A340
144094,6,A311
144133,31,0114
144163,42,1606
144163,42,C411
144170,34,0505
144170,34,0962
144170,34,0961
144667,6,2041
144678,32,0106
144678,32,0202
144732,39,0106
144732,39,0202
144732,39,0207
144732,39,0108
144732,39,0102
144745,34,1033
145258,32,3013
145258,32,7000
145262,49,1005
145821,6,0607
145904,25,1004
146469,42,B350
147017,19,A330
147017,19,A340
147610,26,0119
147610,26,0159
147611,26,D330
147611,26,D351
148142,16,C350
148142,16,1010
148144,56,6032
148152,56,2017
148184,26,A330
148184,26,B310
148184,26,B320
148203,36,A331
148739,46,9197
148761,26,3068
148761,26,C330
149299,56,1007
149346,87,A311
149900,27,4033
149906,55,0218
149906,55,0261
149906,55,0266
149906,55,C960
150475,27,1003
150475,27,2018
150475,27,3009
150475,27,D350
151025,30,0504
151025,30,0507
151077,87,0961
151077,87,0901
151588,53,0801
151588,53,1002
151602,30,8129
151661,89,3015
151673,84,1802
152741,53,AA02
152751,30,0123
152751,30,0903
152777,27,0501
152777,27,0506
152777,27,0561
152777,27,A320
153967,89,A901
153967,89,A903
153967,89,A902
155079,83,0502
155079,83,0505
155615,82,1005
155645,90,A330
155645,90,A352
155648,83,A320
155648,83,A351
157945,90,B320
159655,81,0503
159655,81,0507
159659,81,1804
168818,2,6010
127456,12,1060
128580,48,0115
128580,48,0166
128580,48,0160
128606,12,4099
129157,48,N330
129184,12,1030
129184,12,0562
130307,48,M310
130307,48,M350
130334,12,4135
130884,48,1181
130909,12,3996
132035,48,A330
132035,48,K310
132041,48,2108
132638,12,B360
133192,48,I320
133192,48,1050
133208,12,4096
133214,12,A320
133214,12,A351
133765,48,A808
133784,12,4097
133784,1,0504
133784,1,0508
133784,1,C340
133790,13,4113
134319,4,D320
134339,48,Q320
134339,48,Q340
134345,48,3669
134354,28,A310
134895,4,C320
134900,35,0501
134900,35,0502
134900,35,0506
134900,35,0508
134900,35,0802
134900,35,0959
135478,35,0109
135494,48,1039
135496,48,F310
135511,1,A340
135513,1,0104
135513,1,0161
136046,4,0502
136046,4,0509
136046,4,0559
136046,4,0501
136081,28,0501
136619,4,BA03
136621,4,0266
136621,4,B960
136633,35,1003
136633,35,1002
136639,48,E310
136648,48,1068
137241,13,0502
137795,40,4162
137795,40,0501
137795,40,0118
138342,6,0502
138342,6,0504
138342,6,0570
138343,6,0564
138343,6,0560
138347,4,B320
138353,4,AA61
138357,35,6401
138372,40,4086
138374,40,1015
138374,40,B320
138389,1,4127
138396,37,1814
138396,45,1008
138922,4,0118
138960,5,0117
138960,5,0122
138970,47,6015
138973,37,5037
139528,40,5021
139543,47,A320
139543,47,A350
139553,37,0208
139553,37,0205
139553,37,0209
139553,37,0202
140101,40,0606
140101,40,0607
140106,5,A350
140108,29,0503
140130,51,2004
140688,29,6067
140695,21,1034
140701,51,1423
140704,51,1002
141250,20,0106
141250,20,0103
141250,20,0107
141250,20,0902
141792,6,7454
141805,49,A332
141805,49,A330
141820,8,B310
141820,8,B330
141837,29,A330
141845,18,4042
141846,18,A330
142409,20,A310
142409,20,A340
142413,29,AA63
142413,29,B310
142413,29,B350
142418,17,A320
142945,32,AA61
142958,49,C330
143016,10,0109
143016,10,0112
143016,10,0205
143016,10,0212
143521,32,1021
143548,8,0560
143589,24,0961
144094,6,A363
144115,8,1047
144133,31,0115
144163,42,1608
144170,34,1011
144170,34,0501
144170,34,0503
144170,34,0901
144666,6,2040
144678,32,0101
144678,32,0107
144678,32,0110
144705,31,A310
144705,31,A353
144732,39,0262
144732,39,0263
144732,39,0103
144732,39,0110
145258,32,B340
145322,34,1003
145322,34,1030
145821,6,0663
145845,56,2037
146418,56,B320
146418,56,B350
146469,42,B351
146469,42,B330
146985,16,1007
146986,16,A330
147026,17,4074
147026,17,B320
147610,26,0120
147611,26,D340
148142,16,B310
148142,16,B320
148148,56,7772
148184,26,1013
148203,36,1643
148203,36,A310
148203,36,A320
148761,26,C320
148770,87,1806
148770,87,AA02
148770,87,BA01
148770,87,BA02
149276,41,6011
149299,56,A350
149353,36,B351
149900,27,4037
149906,55,0118
149906,55,0123
149906,55,0224
149906,55,0262
149939,23,1001
149947,86,6802
150429,53,C320
150432,41,AA59
150432,41,AA02
150474,27,6064
150475,27,3012
150475,27,D310
151038,46,9106
151040,46,0803
151040,46,0859
152741,53,A330
152742,53,BA60
152742,53,BA01
152751,30,0901
152777,27,B350
153313,53,1006
154462,82,6007
155079,83,0506
155079,83,0509
155645,90,A320
155648,83,1801
155648,83,A340
156221,90,6400
159655,81,0509
122150,15,1003
128580,48,0123
128580,48,0119
128580,48,0165
128608,12,0102
128608,12,0107
129184,12,0563
129184,12,0566
130307,48,M340
131487,12,C321
132035,48,9005
132638,12,B350
133196,22,0113
133196,22,0120
133207,12,4100
133214,12,A352
133765,48,2133
133784,1,C320
133784,1,C350
133786,13,4093
133790,13,5023
134319,4,6060
134339,48,3865
134339,48,Q330
134339,48,Q350
134346,48,1049
134900,35,0503
134903,48,L310
134903,48,L350
134921,48,1113
134921,48,G320
134943,13,4420
135478,35,0111
135483,35,1112
135487,48,D310
135495,48,A507
135496,48,F350
135496,48,3579
135511,1,1021
136081,28,0502
136619,4,BA59
136621,4,0262
136621,4,B903
136621,4,B961
136621,4,1006
136621,4,0223
137194,4,1034
137235,28,3081
137238,1,4126
137241,13,4119
137241,13,0506
137241,13,0565
137243,13,1001
137247,45,5017
137788,48,6179
137794,40,A340
137795,40,0124
137795,40,0120
137795,40,0119
137795,40,0113
137795,40,0117
137795,40,0116
137809,28,0959
137809,28,3089
137810,28,5803
137819,13,1031
138336,6,8153
138343,6,0566
138343,6,0567
138347,4,B350
138353,4,AA01
138353,4,AA60
138361,35,AA62
138374,40,B310
138388,28,3018
138388,28,3019
138392,47,1029
138922,4,A350
138922,4,A390
138922,4,0122
138922,4,0161
138922,4,0162
138948,40,AA63
138949,40,AA01
138960,5,0113
138972,37,1024
138978,37,A960
138978,37,A964
139528,40,4157
139536,5,4046
139543,47,A310
139550,37,1040
139555,37,1006
139555,37,3044
139555,37,3816
140101,40,C310
140108,29,0509
140108,29,0508
140130,51,0119
140135,37,1028
140695,21,B310
140695,21,B320
140695,21,B330
140695,21,B340
140699,21,6043
140702,51,1419
140709,51,A310
141234,49,1001
141249,20,B320
141275,21,A310
141805,49,A361
141805,49,A310
141845,18,6012
141845,18,5043
142388,8,A310
142388,8,A350
142394,8,6002
142413,29,B340
142418,17,A330
142958,49,C352
142958,49,1008
143014,24,5807
143016,10,0101
143016,10,0104
143016,10,0107
143016,10,0111
143016,10,0160
143521,32,A320
143548,8,0501
143589,24,0502
143589,24,0504
143589,24,0560
143589,24,0561
143589,24,0903
144094,6,A353
144094,6,A352
144094,6,A310
144094,6,A330
144094,6,A351
144094,6,A321
144133,31,0119
144133,31,0902
144169,34,1638
144170,34,0502
144170,34,0507
144170,34,0559
144170,34,0903
144170,34,0960
144678,32,0104
144678,32,0108
144678,32,0210
144719,19,0103
144719,19,0104
144719,19,0106
144732,39,0159
144732,39,0204
144732,39,0259
144732,39,0265
144732,39,0104
144732,39,0810
144732,39,0101
144732,39,0109
145318,42,A320
145318,42,A330
145318,42,A430
145821,6,0608
145902,9,1803
146395,6,2038
146418,56,B330
146477,9,4008
146477,9,5001
146986,16,A310
146986,16,A320
146988,16,3017
146999,56,7773
147017,19,A310
147017,19,A350
147026,17,B340
147611,26,D310
148142,16,1021
148184,26,1012
148184,26,A340
148184,26,A350
148184,26,B330
148184,26,B350
148203,36,A350
148728,56,2019
148770,87,AA03
148770,87,BA62
148777,36,B354
148780,50,1002
148785,23,3014
148786,23,1009
149346,87,A320
149346,87,A340
149353,36,B320
149900,27,1087
149906,55,0117
149906,55,0806
149906,55,0216
149906,55,0217
149906,55,0219
149906,55,0220
149906,55,0265
149906,55,C902
149922,87,B311
149922,87,B320
149939,23,0503
149939,23,0504
149939,23,0559
150431,41,6012
150475,27,3010
150475,27,D340
151010,53,3019
151025,30,0502
151094,84,6804
151590,53,6056
151661,89,3016
151661,89,A310
152176,30,A330
152176,30,A350
152733,53,6049
152736,53,6020
152741,53,A320
152741,53,A350
152742,16,9032
152751,30,0121
152751,30,0124
152751,30,0902
152777,27,1016
152777,27,6251
152777,27,0503
152777,27,0507
152777,27,0560
152777,27,A340
152777,27,A350
152777,27,B320
152777,27,B330
153318,16,1001
155648,83,A331
155651,83,AA61
156777,81,8529
159655,81,0501
172853,2,1008
128580,48,0120
128608,12,0101
129184,12,0502
129184,12,0565
129760,12,4107
130307,48,M330
130308,48,1174
130912,12,1370
131460,48,J320
131460,48,J350
132035,48,A340
132638,12,B310
133192,48,H320
133192,48,H340
133207,12,4108
133773,22,3056
133784,1,0506
133784,1,0509
133784,1,C310
133784,12,AA61
134319,4,1015
134354,28,A330
134895,4,C310
134900,35,0505
134900,35,0901
134903,48,3779
134922,48,1116
135478,35,0108
135478,35,0112
135494,48,9355
135494,48,5317
135495,48,A502
135495,48,A505
135495,48,A509
135496,48,F320
135511,1,4125
135511,1,A350
135513,1,1001
135513,1,0101
135513,1,0107
135513,1,0110
135513,1,0112
136045,4,6055
136046,4,0505
136061,48,1076
136081,28,0503
136081,28,0509
136619,4,BA01
136619,4,BA60
136621,4,0261
136621,4,0215
136621,4,0218
136621,4,0219
136638,48,1111
136639,48,E340
136639,48,E352
136642,48,AA03
137241,13,0507
137241,13,0564
137242,13,0560
137247,45,1024
137768,6,8151
137795,40,0508
137795,40,0123
137795,40,0115
137810,28,3085
138349,4,1002
138353,4,AA02
138361,35,AA03
138374,40,A430
138922,4,0114
138960,5,0124
138966,47,3109
138978,37,2824
138978,37,A963
139497,32,7084
139509,35,2006
139509,35,2007
139523,40,4163
139539,47,2008
139544,47,6022
139544,47,B310
139546,47,C310
139546,47,C311
139553,37,0201
139553,37,0203
139553,37,0259
140108,29,0507
140108,29,0505
140128,37,5826
140130,37,5827
140130,51,0117
140130,51,0159
140130,51,0113
140131,37,1802
140709,51,1023
141250,20,0104
141250,20,0101
141275,21,1010
141275,21,A350
141805,49,A352
141820,8,B350
141820,8,2008
141837,29,A320
141846,18,A350
141850,21,4025
142381,49,B390
142381,49,1017
142413,29,AA02
142437,51,1417
142945,32,AA60
142945,32,AA62
142958,49,C350
143014,11,1400
143016,10,0159
143521,32,A351
143521,32,AA02
143540,8,7783
143548,8,0509
143548,8,0503
143548,8,0506
143589,24,0902
144094,6,A350
144133,31,0124
144133,31,0903
144163,42,C430
144678,32,0112
144678,32,0203
144678,32,0208
144719,19,0105
144732,39,0261
144732,39,0264
144732,39,0111
144732,39,A803
145318,42,A410
145318,42,A340
145318,42,A310
145871,19,6049
146479,25,1003
146991,16,6027
146992,56,6029
147022,19,1044
147610,26,0122
147610,26,0124
148142,16,C330
148173,27,1085
148184,26,B321
148203,36,A340
148203,36,A330
148761,26,C310
148777,36,B352
149346,87,1620
149346,87,A310
149353,36,B331
149877,56,2020
149886,46,9187
149906,55,0121
149906,55,C901
149906,55,C959
150429,53,C310
150432,41,AA01
150475,27,1004
150475,27,1017
151010,53,1007
151025,30,0503
151025,30,0509
151025,30,0561
151077,87,0903
151589,53,7322
151624,27,C320
151624,27,C330
151661,89,1021
151661,89,A340
151662,89,1125
151663,89,1127
152738,53,B330
152738,53,B350
152741,53,BA59
152741,53,3013
152751,30,0114
152751,30,0117
152751,30,0120
152777,27,A310
153895,16,9034
153967,89,0901
153967,89,0902
153987,85,1808
155079,83,0503
155079,83,6450
155645,90,6420
155645,90,A310
157945,90,B340
157945,90,B330
157945,90,B351
159663,81,1803
168241,2,1004
169969,2,9035
128005,48,3729
128580,48,0124
128580,48,0118
128580,48,0167
128608,12,0108
128608,12,0110
128608,12,0111
128608,12,0161
129157,48,N310
129157,48,N340
129184,12,0506
129184,12,0508
129184,12,0561
130307,48,3749
131487,12,C310
131487,12,C320
132035,48,K351
132035,48,A310
132035,48,A320
132035,48,K350
132036,48,1130
132041,48,4146
133189,48,0001
133192,48,3559
133192,48,H310
133196,22,0121
133203,28,3094
133214,12,A310
133784,1,0503
133790,13,4112
134354,28,A320
134356,1,B320
134356,1,B340
134361,13,4096
134895,4,C340
134900,35,0504
134903,48,3769
134903,48,L340
134909,48,1048
134921,48,G310
134921,48,G350
135478,35,0101
135478,35,0105
135478,35,0107
135478,35,0110
135483,35,3010
135487,48,D320
135495,48,A504
135496,48,F330
135507,28,3091
135513,1,0111
135513,1,0163
136046,4,0507
136046,4,0508
136081,28,0505
136085,1,6012
136090,13,1004
136619,4,BA02
136620,4,1003
136621,4,0224
136621,4,B964
136621,4,1001
136621,4,7614
136640,48,3609
136642,48,AA02
137788,48,6160
137792,48,1077
137794,40,A330
137795,40,0504
137807,5,3048
137810,28,2807
137822,45,1025
138342,6,0506
138342,6,0569
138343,6,0565
138343,6,0568
138345,6,8149
138346,4,1037
138347,4,B310
138353,4,AA03
138361,35,AA61
138363,35,2118
138367,48,1046
138367,48,1047
138367,48,5335
138374,40,4160
138374,40,B360
138388,1,1011
138924,4,1024
138948,40,AA62
138949,40,AA03
138960,5,0114
138960,5,0120
138978,37,0901
139489,6,8202
139536,5,3058
139544,47,3075
139553,37,1817
139553,37,3807
139553,37,0204
139553,37,0211
140101,40,0604
140101,40,0603
140101,40,C320
140108,29,0506
140124,47,1028
140128,51,2021
140130,51,0115
140130,51,0122
140682,29,7054
140709,51,A340
140709,51,A330
141249,20,B350
141250,20,0109
141250,20,0111
141275,21,A330
141275,21,A340
141805,49,A390
141828,20,6026
141837,29,A310
141837,29,A350
141837,29,AA67
141845,18,1037
141846,18,A310
142381,49,B331
142409,20,A320
142413,29,AA64
142413,29,B330
142418,17,1003
142441,24,A331
142940,6,7452
142958,49,7083
142963,8,1057
143016,10,1450
143016,10,5005
143016,10,0102
143016,10,0105
143016,10,0108
143016,10,0206
143016,10,0207
143016,10,0260
143521,32,AA01
143548,8,0505
143548,8,0559
143589,24,0501
143589,24,0507
143589,24,0562
143589,24,0563
143589,24,0960
144094,6,A362
144094,6,A320
144133,31,0121
144151,18,4021
144170,34,0506
144170,34,0902
144678,32,0109
144678,32,0111
144678,32,0209
144705,31,A320
144705,31,A351
144719,19,0110
144732,39,0901
144732,39,0203
144732,39,0205
144732,39,0206
144732,39,0208
144732,39,0209
144732,39,0210
144732,39,0260
144732,39,A804
145258,32,C330
145258,32,B350
145821,6,0604
145821,6,0605
145821,6,0660
145821,6,0662
145821,6,0664
145891,42,1599
146418,56,B360
146418,56,7775
146986,16,1020
147017,19,A320
147610,26,0117
147610,26,0118
147611,26,7072
147611,26,D350
148142,16,B350
148184,26,A310
148184,26,B340
148761,26,3069
148761,26,1001
148761,26,C340
148761,26,C350
148770,87,BA61
149276,41,5005
149338,26,6016
149353,36,B350
149877,30,7076
149900,27,3013
149906,55,0122
149906,55,0124
149906,55,0213
149922,87,B310
149922,87,B361
149939,23,0505
149939,23,0506
149939,23,0508
150428,41,2002
150429,53,3813
150429,53,C350
150475,27,1020
150511,89,2011
151025,30,0505
151025,30,0506
151040,46,0804
151050,27,1018
151077,87,0960
151095,84,1684
151676,88,1647
152163,53,1005
152738,53,B320
152742,53,AA01
152751,30,0115
152751,30,0118
152751,30,0119
152751,30,0122
152777,27,1023
152777,27,0502
152777,27,A330
153967,89,0903
155645,90,A340
155651,83,6454
157945,90,B350
159655,81,0504
159655,81,0508
